Best trial:
  Value: 0.9494626926196269
  Params: 
    learning_rate: 0.00024149705692512547
    batch_size: 30
    num_epochs: 43
    conv1_channels: 163
    conv2_channels: 162
    conv3_channels: 235